1679304413.314000 46 6 14893 427 303
1679304413.514000 35 6 2510 627 345
1679304413.814000 53 6 31180 735 429
1679304414.014000 62 6 82160 1012 504
1679304414.114000 54 6 31180 1017 501
1679304414.314000 54 6 14893 1154 546
1679304414.614000 52 6 21778 1270 594
1679304414.814000 56 6 21778 1387 636
1679304415.014000 47 6 14893 1466 669
1679304415.214000 44 6 14893 1504 705
1679304415.314000 37 6 2510 1389 639
1679304415.614000 45 6 14893 1468 687
1679304415.814000 43 6 6476 1449 696
1679304415.914000 31 5 4944 1321 636
1679304416.114000 31 5 3473 1315 642
1679304416.414000 45 6 21778 1353 693
1679304416.614000 41 6 21778 1339 696
1679304416.814000 43 6 21778 1314 696
1679304416.914000 33 6 2510 1256 657
1679304417.114000 32 5 638 1246 651
1679304417.414000 46 6 14893 1300 699
1679304417.614000 42 6 14893 1334 690
1679304417.814000 52 6 43796 1404 711
1679304418.014000 50 6 43796 1449 717
1679304418.114000 41 6 9949 1429 678
1679304418.414000 59 6 82160 1523 720
1679304418.614000 61 6 110056 1639 711
1679304418.814000 53 6 14893 1707 675
1679304419.014000 55 6 60460 1758 669
1679304419.114000 50 6 9949 1766 657
1679304419.314000 62 6 82160 1863 684
1679304419.514000 63 6 43796 1916 693
1679304419.614000 62 6 110056 1914 687
1679304419.814000 60 6 145499 1912 669
1679304419.914000 66 6 110056 1930 666
1679304420.114000 58 6 60460 1923 642
1679304420.214000 53 6 31180 1914 639
1679304420.414000 53 6 60460 1892 630
1679304420.514000 56 6 82160 1877 633
1679304420.714000 57 6 60460 1861 627
1679304420.814000 61 6 82160 1876 639
1679304421.014000 62 6 43796 1848 627
1679304421.114000 54 6 43796 1818 606
1679304421.214000 57 6 60460 1837 615
1679304421.414000 51 6 60460 1834 615
1679304421.514000 55 6 60460 1854 636
1679304421.714000 62 6 82160 1892 672
1679304421.914000 60 6 43796 1908 684
1679304422.114000 62 6 43796 1912 693
1679304422.214000 56 6 43796 1906 705
1679304422.414000 44 6 9949 1791 693
1679304422.614000 50 6 14893 1801 723
1679304422.814000 44 6 14893 1787 744
1679304422.914000 47 6 6476 1762 753
1679304423.114000 52 6 21778 1701 756
1679304423.314000 47 6 14893 1677 747
1679304423.414000 42 6 14893 1675 753
1679304423.614000 43 6 9949 1651 747
1679304423.814000 38 6 4096 1625 741
1679304424.014000 39 6 9949 1605 741
1679304424.214000 45 6 21778 1603 738
1679304424.314000 44 6 14893 1592 735
1679304424.514000 43 6 14893 1594 738
1679304424.614000 44 6 9949 1607 750
1679304424.814000 35 6 9949 1493 708
1679304424.914000 53 6 14893 1558 750
1679304425.114000 41 6 1486 1583 753
1679304425.314000 45 6 14893 1549 771
1679304425.514000 37 6 14893 1481 741
1679304425.714000 38 6 6476 1487 759
1679304425.814000 37 6 21778 1495 774
1679304426.014000 37 6 2510 1427 750
1679304426.214000 41 6 21778 1432 765
1679304426.314000 42 6 6476 1457 768
1679304426.514000 41 6 6476 1472 789
1679304426.614000 34 6 9949 1425 756
1679304426.814000 44 6 6476 1427 744
1679304427.014000 47 6 9949 1508 759
1679304427.214000 43 6 2510 1536 774
1679304427.414000 42 6 6476 1515 750
1679304427.614000 36 6 1486 1444 756
1679304427.814000 23 5 1586 1419 732
1679304428.114000 31 5 1024 1441 768
1679304428.314000 39 6 14893 1442 792
1679304428.514000 37 6 6476 1471 774
1679304428.714000 49 6 9949 1526 798
1679304428.914000 45 6 9949 1484 798
1679304429.114000 44 6 14893 1471 786
1679304429.314000 39 6 14893 1444 768
1679304429.514000 41 6 9949 1499 789
1679304429.714000 33 6 2510 1525 768
1679304429.914000 46 6 14893 1476 786
1679304430.114000 41 6 4096 1457 777
1679304430.314000 42 6 6476 1481 780
1679304430.414000 31 5 2380 1448 747
1679304430.514000 44 6 21778 1575 810
1679304430.714000 41 6 4096 1494 783
1679304430.914000 37 6 14893 1474 774
1679304431.114000 34 6 6476 1423 762
1679304431.314000 47 6 14893 1461 780
1679304431.514000 45 6 6476 1519 792
1679304431.714000 37 6 9949 1502 762
1679304431.914000 33 6 6476 1432 744
1679304432.114000 36 6 14893 1441 765
1679304432.214000 38 6 14893 1453 765
1679304432.414000 41 6 14893 1440 747
1679304432.514000 44 6 9949 1443 753
1679304432.614000 37 6 9949 1454 756
1679304432.714000 34 6 6476 1436 759
1679304432.914000 36 6 2510 1480 777
1679304433.014000 35 6 6476 1519 795
1679304433.214000 33 6 9949 1531 813
1679304433.414000 37 6 2510 1488 831
1679304433.514000 30 5 1586 1440 810
1679304433.714000 33 6 6476 1394 801
1679304433.914000 34 6 1486 1341 771
1679304434.014000 39 6 6476 1363 771
1679304434.114000 30 5 638 1331 744
1679304434.314000 31 5 2380 1357 750
1679304434.514000 38 6 14893 1353 765
1679304434.714000 38 6 6476 1380 771
1679304434.814000 34 6 14893 1420 783
1679304435.014000 37 6 14893 1428 783
1679304435.114000 38 6 4096 1425 789
1679304436.114000 30 5 1024 1308 744
1679304436.314000 36 6 9949 1305 741
1679304436.414000 35 6 1486 1267 729
1679304436.614000 46 6 4096 1352 777
1679304436.814000 50 6 6476 1332 735
1679304437.014000 45 6 4096 1527 804
1679304437.214000 36 6 4096 1570 795
1679304437.414000 38 6 2510 1594 816
1679304437.514000 46 6 9949 1595 816
1679304437.714000 40 6 6476 1592 804
1679304437.814000 46 6 6476 1570 798
1679304438.014000 42 6 6476 1583 798
1679304438.214000 31 5 1586 1518 768
1679304438.414000 43 6 21778 1602 807
1679304438.614000 38 6 6476 1560 786
1679304438.814000 40 6 9949 1547 780
1679304438.914000 50 6 21778 1572 795
1679304439.114000 38 6 6476 1478 732
1679304439.214000 46 6 14893 1532 774
1679304439.414000 37 6 6476 1501 726
1679304439.614000 37 6 2510 1488 714
1679304439.814000 37 6 14893 1481 720
1679304439.914000 26 5 638 1407 675
1679304440.114000 25 5 2380 1421 681
1679304440.414000 42 6 14893 1511 768
1679304440.514000 35 6 6476 1467 738
1679304440.814000 37 6 4096 1473 765
1679304441.014000 34 6 9949 1497 771
1679304441.214000 34 6 9949 1455 762
1679304441.414000 34 6 14893 1378 747
1679304441.614000 25 5 4944 1297 699
1679304441.714000 41 6 1486 1415 762
1679304441.914000 23 5 3473 1291 708
1679304442.114000 29 5 4944 1298 714
1679304442.314000 24 5 3473 1350 747
1679304442.514000 16 5 1024 1191 675
1679304442.614000 29 5 9402 1281 732
1679304442.814000 23 5 9402 1202 678
1679304442.914000 30 5 4944 1272 723
1679304443.114000 41 6 9949 1233 717
1679304443.314000 41 6 14893 1253 714
1679304443.514000 33 6 466 1331 717
1679304443.614000 24 5 3473 1219 663
1679304443.814000 27 5 4944 1244 675
1679304444.114000 34 6 2510 1251 678
1679304444.314000 53 6 60460 1310 699
1679304444.514000 45 6 9949 1430 720
1679304444.714000 50 6 21778 1522 738
1679304444.814000 43 6 9949 1464 708
1679304445.114000 44 6 14893 1511 723
1679304445.214000 48 6 14893 1531 720
1679304445.414000 42 6 6476 1592 726
1679304445.514000 40 6 6476 1616 732
1679304445.714000 44 6 9949 1658 747
1679304445.914000 44 6 2510 1646 762
1679304446.014000 40 6 4096 1635 756
1679304446.114000 43 6 9949 1644 771
1679304446.314000 42 6 21778 1610 768
1679304446.514000 45 6 9949 1623 786
1679304446.614000 44 6 4096 1611 762
1679304446.814000 46 6 14893 1618 750
1679304447.014000 44 6 6476 1576 729
1679304447.214000 45 6 9949 1564 714
1679304447.414000 43 6 21778 1528 684
1679304447.614000 48 6 14893 1543 711
1679304447.814000 48 6 9949 1480 699
1679304448.014000 43 6 4096 1537 738
1679304448.114000 45 6 9949 1540 735
1679304448.314000 39 6 21778 1581 759
1679304448.514000 41 6 9949 1618 771
1679304448.714000 36 6 21778 1631 798
1679304448.814000 42 6 6476 1606 792
1679304449.014000 39 6 6476 1608 810
1679304449.114000 38 6 2510 1583 804
1679304449.214000 39 6 9949 1561 795
1679304449.414000 41 6 14893 1545 795
1679304449.514000 43 6 14893 1516 780
1679304449.714000 47 6 14893 1539 792
1679304449.814000 45 6 14893 1534 774
1679304450.014000 41 6 14893 1547 774
1679304450.214000 46 6 31180 1541 765
1679304450.414000 51 6 9949 1626 801
1679304450.614000 42 6 6476 1630 786
1679304450.814000 41 6 6476 1559 759
1679304450.914000 43 6 9949 1574 753
1679304451.114000 44 6 4096 1636 786
1679304451.314000 40 6 6476 1628 783
1679304451.514000 36 6 2510 1551 744
1679304451.614000 38 6 4096 1551 750
1679304451.814000 40 6 6476 1529 747
1679304452.014000 43 6 14893 1486 738
1679304452.114000 39 6 9949 1468 726
1679304452.314000 45 6 14893 1479 729
1679304452.414000 47 6 21778 1491 741
1679304452.614000 43 6 14893 1554 759
1679304452.814000 45 6 9949 1603 780
1679304452.914000 41 6 4096 1604 777
1679304453.014000 38 6 1486 1602 783
1679304453.214000 41 6 9949 1641 807
1679304453.414000 39 6 9949 1649 807
1679304453.514000 46 6 9949 1632 807
1679304453.714000 33 6 1486 1607 807
1679304453.914000 46 6 14893 1613 822
1679304454.014000 40 6 6476 1589 813
1679304454.114000 42 6 21778 1580 798
1679304454.314000 39 6 21778 1536 807
1679304454.514000 38 6 6476 1490 777
1679304454.714000 46 6 21778 1533 792
1679304454.814000 45 6 21778 1569 801
1679304455.014000 45 6 9949 1640 828
1679304455.214000 45 6 9949 1654 807
1679304455.314000 40 6 21778 1643 798
1679304455.514000 37 6 6476 1562 786
1679304455.714000 46 6 14893 1586 807
1679304455.814000 43 6 6476 1573 792
1679304456.014000 34 6 4096 1568 807
1679304456.214000 39 6 14893 1502 777
1679304456.314000 34 6 4096 1478 768
1679304456.614000 32 5 4944 1497 780
1679304456.814000 32 5 2380 1484 774
1679304456.914000 26 5 1586 1443 735
1679304457.114000 27 5 2380 1368 720
1679304457.414000 41 6 14893 1389 741
1679304457.614000 42 6 14893 1384 747
1679304457.814000 44 6 21778 1397 756
1679304457.914000 27 5 382 1322 708
1679304458.014000 31 5 6885 1385 750
1679304458.214000 36 6 21778 1303 747
1679304458.414000 44 6 9949 1313 762
1679304458.614000 43 6 21778 1355 774
1679304458.814000 45 6 21778 1368 789
1679304459.014000 35 6 14893 1396 801
1679304459.414000 18 5 2380 1388 798
1679304459.614000 27 5 1024 1321 795
1679304459.814000 28 5 1024 1336 810
1679304460.014000 24 5 4944 1261 774
1679304460.114000 18 5 382 1195 732
1679304460.314000 17 5 382 1176 729
1679304460.414000 22 5 638 1233 768
1679304460.614000 46 6 21778 1237 759
1679304460.814000 42 6 14893 1113 645
1679304460.914000 38 6 9949 1123 639
1679304461.114000 46 6 21778 1229 639
1679304461.214000 51 6 31180 1289 648
1679304461.414000 47 6 21778 1392 642
1679304461.614000 48 6 31180 1472 645
1679304461.814000 60 6 82160 1580 657
1679304461.914000 65 6 82160 1676 678
1679304462.014000 62 6 82160 1730 669
1679304462.214000 63 6 60460 1796 654
1679304462.414000 61 6 145499 1850 639
1679304462.614000 65 6 190051 1927 651
1679304462.714000 58 6 43796 1946 645
1679304462.914000 61 6 145499 1959 654
1679304463.114000 60 6 60460 1965 657
1679304463.214000 52 6 60460 1949 657
1679304463.414000 54 6 43796 1909 657
1679304463.614000 54 6 21778 1888 672
1679304463.814000 55 6 43796 1850 663
1679304463.914000 54 6 43796 1793 657
1679304464.114000 49 6 21778 1754 645
1679304464.314000 53 6 31180 1676 636
1679304464.514000 45 6 9949 1572 624
1679304464.714000 51 6 9949 1557 639
1679304464.914000 42 6 2510 1506 627
1679304465.114000 46 6 21778 1494 633
1679304465.314000 48 6 9949 1514 651
1679304465.414000 44 6 14893 1496 651
1679304465.614000 44 6 9949 1476 645
1679304465.814000 56 6 31180 1523 645
1679304466.014000 51 6 9949 1551 636
1679304466.214000 54 6 14893 1499 615
1679304466.414000 62 6 60460 1589 645
1679304466.514000 58 6 43796 1623 639
1679304466.714000 46 6 9949 1701 663
1679304466.814000 51 6 14893 1756 693
1679304467.014000 54 6 21778 1805 705
1679304467.214000 57 6 60460 1787 717
1679304467.314000 53 6 31180 1817 732
1679304467.514000 52 6 43796 1719 696
1679304467.614000 57 6 82160 1754 708
1679304467.814000 46 6 14893 1768 702
1679304468.014000 51 6 21778 1756 705
1679304468.114000 49 6 43796 1752 693
1679304468.314000 49 6 31180 1692 648
1679304468.414000 47 6 31180 1665 642
1679304468.614000 51 6 14893 1680 636
1679304468.814000 50 6 21778 1667 627
1679304468.914000 51 6 14893 1680 627
1679304469.014000 53 6 31180 1668 633
1679304469.214000 49 6 9949 1741 657
1679304469.414000 51 6 9949 1647 645
1679304469.614000 50 6 14893 1636 663
1679304469.814000 46 6 21778 1653 678
1679304470.014000 49 6 43796 1713 690
1679304470.214000 46 6 14893 1711 699
1679304470.414000 51 6 9949 1625 699
1679304470.614000 48 6 21778 1616 693
1679304470.814000 40 6 9949 1566 681
1679304471.014000 43 6 9949 1629 690
1679304471.214000 44 6 9949 1642 696
1679304471.414000 50 6 14893 1544 669
1679304471.614000 52 6 60460 1562 663
1679304471.814000 55 6 82160 1584 666
1679304472.014000 49 6 43796 1689 666
1679304472.114000 46 6 43796 1583 630
1679304472.314000 43 6 14893 1591 618
1679304472.614000 54 6 43796 1634 642
1679304472.814000 51 6 43796 1674 648
1679304473.014000 51 6 21778 1785 672
1679304473.214000 42 6 4096 1793 672
1679304473.414000 40 6 14893 1659 648
1679304473.614000 42 6 9949 1644 654
1679304473.814000 49 6 21778 1597 654
1679304474.014000 49 6 31180 1712 693
1679304474.214000 53 6 43796 1731 714
1679304474.414000 59 6 43796 1685 723
1679304474.614000 47 6 21778 1647 699
1679304474.714000 39 6 14893 1607 672
1679304474.914000 33 6 2510 1576 666
1679304475.014000 39 6 6476 1659 708
1679304475.214000 37 6 9949 1618 714
1679304475.414000 47 6 9949 1596 738
1679304475.614000 43 6 21778 1567 738
1679304475.814000 43 6 14893 1559 741
1679304475.914000 36 6 21778 1528 711
1679304476.114000 35 6 1486 1509 702
1679304476.314000 50 6 9949 1539 738
1679304476.514000 47 6 21778 1531 705
1679304476.714000 43 6 21778 1615 726
1679304476.814000 44 6 21778 1623 717
1679304477.014000 48 6 43796 1653 726
1679304477.114000 53 6 43796 1698 738
1679304477.314000 50 6 43796 1757 753
1679304477.414000 47 6 14893 1724 738
1679304477.614000 44 6 21778 1653 699
1679304477.814000 42 6 6476 1671 705
1679304478.014000 47 6 9949 1705 732
1679304478.214000 40 6 6476 1662 726
1679304478.314000 38 6 2510 1654 735
1679304478.514000 45 6 6476 1629 756
1679304478.614000 41 6 14893 1611 744
1679304478.814000 43 6 9949 1623 756
1679304478.914000 42 6 9949 1623 759
1679304479.114000 38 6 2510 1523 741
1679304479.214000 40 6 9949 1494 720
1679304479.414000 45 6 14893 1534 726
1679304479.614000 45 6 9949 1526 735
1679304479.714000 43 6 9949 1503 717
1679304479.814000 46 6 21778 1505 708
1679304480.014000 47 6 21778 1527 699
1679304480.114000 46 6 21778 1509 693
1679304480.314000 49 6 21778 1520 690
1679304480.414000 55 6 43796 1546 681
1679304480.614000 48 6 9949 1607 681
1679304480.814000 47 6 14893 1634 681
1679304480.914000 48 6 14893 1624 675
1679304481.114000 35 6 14893 1586 657
1679304481.314000 40 6 21778 1592 663
1679304481.414000 36 6 14893 1530 627
1679304481.614000 38 6 6476 1468 591
1679304481.814000 38 6 4096 1403 555
1679304481.914000 34 6 1486 1329 513
1679304482.114000 36 6 6476 1310 495
1679304482.314000 32 5 1024 1281 486
1679304482.414000 32 5 1586 1267 483
1679304482.514000 33 6 2510 1269 486
1679304482.714000 33 6 4096 1247 477
1679304482.914000 34 6 6476 1251 483
1679304483.114000 36 6 6476 1282 498
1679304483.414000 40 6 4096 1304 516
1679304483.614000 38 6 9949 1312 519
1679304483.814000 36 6 9949 1312 522
1679304483.914000 29 5 4944 1294 513
1679304484.114000 31 5 1586 1311 528
1679304484.314000 31 5 1586 1313 537
1679304484.614000 39 6 4096 1355 573
1679304484.814000 38 6 6476 1359 573
1679304484.914000 36 6 4096 1343 558
1679304485.114000 40 6 6476 1362 567
1679304485.514000 29 5 638 1415 579
1679304485.614000 37 6 4096 1368 609
1679304485.814000 45 6 6476 1355 630
1679304486.014000 46 6 21778 1480 663
1679304486.214000 56 6 21778 1471 672
1679304486.414000 52 6 31180 1565 687
1679304486.514000 56 6 31180 1602 693
1679304486.714000 55 6 14893 1643 675
1679304486.914000 47 6 14893 1717 669
1679304487.114000 48 6 9949 1812 714
1679304487.214000 52 6 9949 1804 711
1679304487.314000 47 6 9949 1804 729
1679304487.514000 54 6 31180 1821 765
1679304487.714000 53 6 21778 1799 768
1679304487.914000 61 6 43796 1841 804
1679304488.014000 52 6 31180 1802 774
1679304488.114000 44 6 21778 1808 774
1679304488.314000 43 6 14893 1762 756
1679304488.514000 53 6 31180 1790 774
1679304488.614000 58 6 31180 1776 771
1679304488.814000 45 6 14893 1706 744
1679304488.914000 46 6 9949 1687 726
1679304489.114000 51 6 14893 1666 720
1679304489.314000 58 6 31180 1714 741
1679304489.514000 49 6 14893 1721 732
1679304489.714000 53 6 31180 1723 723
1679304489.914000 43 6 9949 1722 720
1679304490.014000 55 6 31180 1775 759
1679304490.314000 44 6 9949 1780 771
1679304490.514000 44 6 21778 1725 741
1679304490.714000 47 6 14893 1759 783
1679304490.814000 47 6 21778 1748 792
1679304491.014000 49 6 31180 1715 774
1679304491.214000 48 6 14893 1653 723
1679304491.414000 56 6 43796 1729 759
1679304491.614000 53 6 31180 1723 741
1679304491.714000 55 6 60460 1750 747
1679304491.914000 46 6 6476 1745 735
1679304492.014000 48 6 14893 1729 741
1679304492.214000 51 6 60460 1701 747
1679304492.414000 46 6 21778 1710 759
1679304492.614000 56 6 31180 1697 771
1679304492.714000 46 6 14893 1681 756
1679304492.914000 44 6 21778 1675 762
1679304493.114000 47 6 14893 1697 765
1679304493.314000 49 6 21778 1645 744
1679304493.414000 47 6 21778 1682 759
1679304493.614000 45 6 14893 1656 735
1679304493.714000 52 6 60460 1661 741
1679304493.814000 53 6 31180 1660 726
1679304494.014000 48 6 31180 1689 711
1679304494.114000 54 6 60460 1694 705
1679304494.314000 40 6 9949 1634 675
1679304494.414000 36 6 21778 1579 666
1679304494.514000 43 6 14893 1575 681
1679304494.714000 41 6 21778 1575 684
1679304494.914000 42 6 6476 1540 696
1679304495.014000 49 6 14893 1573 717
1679304495.214000 42 6 9949 1493 660
1679304495.314000 46 6 14893 1487 660
1679304495.514000 56 6 43796 1532 705
1679304495.714000 46 6 21778 1540 690
1679304495.914000 57 6 145499 1641 717
1679304496.114000 49 6 43796 1666 732
1679304496.314000 43 6 6476 1722 753
1679304496.514000 45 6 21778 1690 738
1679304496.714000 48 6 31180 1710 774
1679304496.814000 43 6 21778 1732 786
1679304497.014000 48 6 14893 1679 792
1679304497.214000 43 6 6476 1654 774
1679304497.314000 51 6 21778 1688 795
1679304497.514000 52 6 43796 1661 786
1679304497.614000 46 6 21778 1633 771
1679304497.814000 51 6 43796 1656 780
1679304497.914000 53 6 21778 1686 771
1679304498.014000 49 6 21778 1676 762
1679304498.214000 45 6 14893 1644 753
1679304498.414000 56 6 31180 1658 768
1679304498.514000 46 6 21778 1600 744
1679304498.714000 44 6 14893 1594 741
1679304498.914000 47 6 14893 1632 762
1679304499.114000 45 6 21778 1653 771
1679304499.314000 41 6 14893 1712 798
1679304499.514000 50 6 21778 1671 789
1679304499.614000 48 6 31180 1671 789
1679304499.814000 45 6 14893 1611 759
1679304499.914000 42 6 14893 1604 753
1679304500.014000 47 6 14893 1588 756
1679304500.214000 41 6 6476 1539 717
1679304500.314000 47 6 21778 1543 729
1679304500.514000 42 6 6476 1539 711
1679304500.614000 46 6 21778 1581 732
1679304500.814000 38 6 848 1492 684
1679304501.014000 39 6 4096 1484 690
1679304501.214000 40 6 2510 1482 684
1679304501.414000 44 6 14893 1479 693
1679304501.614000 40 6 14893 1484 693
1679304501.814000 41 6 4096 1475 693
1679304501.914000 33 6 4096 1436 666
1679304502.114000 41 6 14893 1432 678
1679304502.314000 35 6 4096 1388 660
1679304502.414000 28 5 2380 1294 609
1679304502.614000 24 5 1586 1241 570
1679304502.814000 25 5 1586 1223 561
1679304503.114000 18 5 3473 1192 561
1679304503.314000 25 5 2380 1161 561
1679304503.514000 21 5 2380 1092 525
1679304503.614000 15 5 120 1042 510
1679304503.714000 15 5 382 1091 531
1679304503.914000 15 5 382 1010 504
1679304504.114000 18 5 219 976 495
1679304504.314000 17 5 382 955 495
1679304504.414000 14 5 382 894 468
1679304504.614000 19 5 382 902 474
1679304504.914000 19 5 638 891 471
1679304505.114000 23 5 1586 900 471
1679304505.214000 26 5 1586 926 477
1679304505.414000 26 5 1586 946 480
1679304505.614000 28 5 1586 989 483
1679304505.814000 30 5 3473 1073 510
1679304506.014000 25 5 1586 1076 513
1679304506.214000 30 5 1586 1084 510
1679304506.314000 36 6 4096 1123 525
1679304506.514000 40 6 9949 1189 543
1679304506.714000 42 6 21778 1243 543
1679304506.814000 43 6 14893 1273 546
1679304507.014000 42 6 9949 1322 561
1679304507.114000 38 6 14893 1378 591
1679304507.314000 46 6 21778 1467 627
1679304507.414000 46 6 21778 1491 633
1679304507.514000 52 6 31180 1548 657
1679304507.714000 42 6 9949 1499 657
1679304507.914000 48 6 31180 1544 681
1679304508.114000 42 6 14893 1534 663
1679304508.214000 44 6 21778 1564 684
1679304508.414000 46 6 9949 1612 708
1679304508.614000 47 6 21778 1593 699
1679304508.714000 47 6 21778 1616 699
1679304508.914000 48 6 21778 1636 699
1679304509.114000 48 6 31180 1623 672
1679304509.314000 47 6 31180 1575 657
1679304509.514000 44 6 21778 1575 666
1679304509.714000 39 6 14893 1555 657
1679304509.814000 41 6 9949 1549 654
1679304510.014000 53 6 21778 1592 693
1679304510.214000 50 6 21778 1617 699
1679304510.414000 53 6 43796 1642 708
1679304510.714000 32 5 1586 1630 702
1679304510.914000 47 6 31180 1691 741
1679304511.114000 51 6 31180 1737 771
1679304511.214000 51 6 21778 1718 762
1679304511.414000 46 6 21778 1681 756
1679304511.514000 56 6 31180 1695 765
1679304511.614000 58 6 31180 1631 729
1679304511.814000 49 6 9949 1708 741
1679304512.014000 58 6 110056 1759 771
1679304512.114000 43 6 9949 1762 756
1679304512.314000 44 6 6476 1714 750
1679304512.414000 43 6 4096 1732 762
1679304512.614000 42 6 6476 1697 777
1679304512.814000 39 6 9949 1616 771
1679304512.914000 39 6 21778 1587 759
1679304513.014000 37 6 6476 1434 720
1679304513.214000 45 6 14893 1457 747
1679304513.314000 43 6 9949 1451 744
1679304513.514000 33 6 6476 1427 726
1679304513.614000 46 6 21778 1469 750
1679304513.814000 45 6 21778 1510 774
1679304513.914000 43 6 21778 1542 789
1679304514.114000 36 6 4096 1547 771
1679304514.314000 43 6 9949 1535 768
1679304514.514000 38 6 21778 1540 765
1679304514.714000 46 6 31180 1548 774
1679304514.814000 40 6 9949 1534 753
1679304515.014000 44 6 14893 1543 777
1679304515.114000 49 6 21778 1582 801
1679304515.314000 37 6 4096 1538 777
1679304515.514000 37 6 6476 1536 786
1679304515.614000 40 6 14893 1548 786
1679304515.814000 40 6 2510 1532 780
1679304515.914000 34 6 14893 1481 765
1679304516.014000 40 6 14893 1471 762
1679304516.214000 39 6 21778 1432 726
1679304516.414000 42 6 6476 1446 732
1679304516.514000 34 6 14893 1428 720
1679304516.714000 42 6 14893 1441 726
1679304516.914000 45 6 9949 1486 723
1679304517.114000 43 6 21778 1466 711
1679304517.314000 39 6 21778 1446 696
1679304517.414000 42 6 14893 1440 693
1679304517.614000 34 6 6476 1445 699
1679304517.714000 29 5 1024 1413 684
1679304517.914000 35 6 2510 1417 717
1679304518.014000 40 6 9949 1426 732
1679304518.214000 45 6 6476 1495 759
1679304518.414000 36 6 14893 1408 732
1679304518.614000 42 6 6476 1393 732
1679304518.714000 39 6 9949 1365 720
1679304518.914000 40 6 14893 1445 741
1679304519.114000 32 5 6885 1460 744
1679304519.214000 33 6 1486 1432 735
1679304519.414000 48 6 21778 1498 768
1679304519.614000 46 6 21778 1544 786
1679304519.814000 35 6 9949 1540 771
1679304519.914000 40 6 4096 1501 750
1679304520.114000 39 6 6476 1488 753
1679304520.314000 35 6 6476 1541 765
1679304520.514000 40 6 6476 1481 738
1679304520.714000 44 6 21778 1493 732
1679304520.814000 46 6 21778 1559 765
1679304521.014000 45 6 14893 1575 759
1679304521.214000 49 6 14893 1612 777
1679304521.314000 46 6 14893 1636 786
1679304521.514000 42 6 21778 1671 813
1679304521.714000 41 6 9949 1648 810
1679304521.914000 42 6 9949 1635 819
1679304522.114000 41 6 14893 1641 828
1679304522.214000 43 6 21778 1624 810
1679304522.414000 44 6 6476 1570 789
1679304522.514000 37 6 6476 1533 777
1679304522.714000 44 6 6476 1572 798
1679304522.814000 47 6 14893 1578 807
1679304523.014000 47 6 14893 1604 798
1679304523.114000 44 6 21778 1607 801
1679304523.314000 49 6 9949 1668 822
1679304523.514000 55 6 31180 1692 813
1679304523.614000 43 6 9949 1701 801
1679304523.814000 51 6 31180 1741 795
1679304523.914000 57 6 60460 1742 789
1679304524.114000 56 6 43796 1772 774
1679304524.314000 56 6 43796 1818 762
1679304524.414000 62 6 82160 1876 789
1679304524.614000 45 6 9949 1822 774
1679304524.814000 46 6 14893 1798 789
1679304524.914000 44 6 14893 1778 783
1679304525.114000 37 6 9949 1751 810
1679304525.314000 33 6 9949 1680 813
1679304525.514000 35 6 1486 1531 795
1679304525.614000 43 6 9949 1518 810
1679304525.814000 46 6 9949 1520 810
1679304525.914000 50 6 31180 1521 804
1679304526.114000 38 6 21778 1506 780
1679304526.314000 38 6 6476 1488 780
1679304526.514000 44 6 9949 1556 792
1679304526.714000 41 6 6476 1590 789
1679304526.814000 38 6 14893 1590 786
1679304527.014000 39 6 6476 1531 747
1679304527.214000 41 6 6476 1496 720
1679304527.414000 43 6 6476 1570 726
1679304527.614000 37 6 9949 1489 699
1679304527.814000 48 6 14893 1519 717
1679304527.914000 40 6 9949 1552 732
1679304528.114000 39 6 14893 1544 744
1679304528.314000 42 6 21778 1564 750
1679304528.414000 52 6 21778 1559 765
1679304528.614000 45 6 31180 1584 762
1679304528.814000 56 6 43796 1639 768
1679304529.014000 54 6 31180 1696 747
1679304529.114000 49 6 43796 1697 744
1679304529.314000 46 6 21778 1766 759
1679304529.414000 40 6 14893 1752 744
1679304529.614000 27 5 2380 1624 702
1679304529.714000 33 6 9949 1720 744
1679304529.914000 30 5 2380 1596 720
1679304530.114000 42 6 14893 1598 732
1679304530.314000 43 6 21778 1586 738
1679304530.514000 33 6 6476 1562 711
1679304530.614000 32 5 4944 1425 660
1679304530.914000 35 6 9949 1415 657
1679304531.114000 37 6 21778 1351 633
1679304531.314000 37 6 21778 1331 627
1679304531.414000 32 5 6885 1308 600
1679304531.514000 35 6 9949 1401 627
1679304531.714000 34 6 4096 1375 621
1679304531.914000 41 6 21778 1358 624
1679304532.114000 45 6 14893 1374 624
1679304532.314000 44 6 21778 1351 606
1679304532.414000 41 6 14893 1381 600
1679304532.614000 41 6 6476 1371 591
1679304532.714000 43 6 9949 1485 621
1679304532.814000 38 6 9949 1373 585
1679304533.114000 48 6 21778 1404 600
1679304533.314000 41 6 14893 1412 588
1679304533.414000 35 6 14893 1367 555
1679304533.614000 36 6 2510 1417 564
1679304533.914000 38 6 9949 1437 576
1679304534.114000 39 6 4096 1438 576
1679304534.314000 39 6 6476 1440 573
1679304534.414000 32 5 6885 1414 558
1679304534.614000 32 5 4944 1410 567
1679304534.714000 33 6 9949 1493 591
1679304534.914000 31 5 1024 1379 558
1679304535.014000 36 6 6476 1477 597
1679304535.214000 34 6 6476 1357 552
1679304535.414000 32 5 1586 1352 558
1679304535.614000 36 6 6476 1449 588
1679304535.814000 30 5 2380 1296 549
1679304535.914000 33 6 6476 1375 579
1679304536.114000 30 5 2380 1270 546
1679304536.214000 31 5 1024 1351 570
1679304536.414000 36 6 9949 1268 552
1679304536.614000 42 6 9949 1303 570
1679304536.814000 43 6 14893 1296 564
1679304537.014000 49 6 43796 1417 597
1679304537.214000 47 6 21778 1453 600
1679304537.414000 47 6 21778 1377 582
1679304537.614000 54 6 31180 1427 594
1679304537.814000 62 6 110056 1480 606
1679304538.014000 64 6 110056 1694 639
1679304538.114000 62 6 145499 1614 615
1679304538.214000 61 6 82160 1757 642
1679304538.414000 59 6 110056 1672 630
1679304538.614000 56 6 60460 1717 636
1679304538.814000 54 6 60460 1741 636
1679304538.914000 49 6 31180 1724 609
1679304539.114000 56 6 43796 1809 642
1679304539.414000 62 6 60460 1861 690
1679304539.614000 60 6 43796 1893 693
1679304539.714000 60 6 43796 1910 705
1679304539.814000 60 6 31180 1920 714
1679304540.014000 66 6 60460 1975 747
1679304540.214000 53 6 60460 1998 759
1679304540.414000 51 6 31180 1979 759
1679304540.514000 58 6 43796 2032 804
1679304540.714000 49 6 21778 1979 816
1679304540.914000 51 6 21778 1977 834
1679304541.014000 56 6 21778 1961 837
1679304541.214000 47 6 21778 1802 801
1679304541.414000 47 6 9949 1752 792
1679304541.614000 51 6 14893 1744 801
1679304541.814000 45 6 6476 1684 789
1679304542.014000 47 6 9949 1704 807
1679304542.214000 42 6 6476 1709 813
1679304542.414000 56 6 60460 1756 846
1679304542.614000 47 6 14893 1789 834
1679304542.814000 51 6 6476 1827 858
1679304543.014000 47 6 9949 1799 831
1679304543.214000 48 6 14893 1768 825
1679304543.314000 45 6 14893 1778 822
1679304543.514000 38 6 9949 1699 792
1679304543.714000 49 6 14893 1673 807
1679304543.914000 52 6 60460 1668 798
1679304544.014000 53 6 43796 1670 816
1679304544.114000 47 6 21778 1649 804
1679304544.314000 54 6 14893 1685 816
1679304544.514000 45 6 9949 1688 792
1679304544.614000 49 6 21778 1734 810
1679304544.814000 44 6 14893 1753 819
1679304544.914000 43 6 21778 1716 798
1679304545.014000 44 6 14893 1726 807
1679304545.214000 38 6 14893 1649 792
1679304545.314000 39 6 9949 1611 783
1679304545.514000 48 6 14893 1636 819
1679304545.614000 42 6 4096 1622 804
1679304545.814000 29 5 6885 1542 786
1679304546.014000 32 5 1586 1471 762
1679304546.114000 40 6 6476 1506 783
1679304546.314000 52 6 31180 1545 795
1679304546.414000 46 6 43796 1518 765
1679304546.614000 45 6 9949 1506 741
1679304546.714000 44 6 9949 1488 717
1679304546.814000 45 6 14893 1533 738
1679304547.014000 47 6 4096 1618 762
1679304547.214000 46 6 9949 1682 792
1679304547.414000 42 6 9949 1676 804
1679304547.614000 52 6 43796 1699 831
1679304547.814000 46 6 14893 1689 822
1679304547.914000 34 6 14893 1640 792
1679304548.114000 39 6 9949 1589 792
1679304548.214000 44 6 6476 1573 795
1679304548.414000 37 6 21778 1506 786
1679304548.614000 37 6 14893 1506 807
1679304548.814000 32 5 1024 1407 774
1679304548.914000 39 6 6476 1426 789
1679304549.114000 42 6 9949 1497 816
1679304549.214000 45 6 4096 1500 807
1679304549.414000 48 6 14893 1552 831
1679304549.614000 42 6 14893 1599 831
1679304549.714000 42 6 14893 1577 816
1679304549.914000 46 6 14893 1633 831
1679304550.114000 49 6 21778 1686 843
1679304550.314000 31 5 3473 1629 807
1679304550.414000 37 6 9949 1632 807
1679304550.614000 40 6 9949 1608 816
1679304550.714000 45 6 21778 1621 831
1679304550.914000 37 6 6476 1578 816
1679304551.114000 48 6 9949 1591 819
1679304551.314000 46 6 14893 1570 792
1679304551.414000 50 6 21778 1608 792
1679304551.614000 55 6 31180 1654 783
1679304551.714000 56 6 21778 1671 768
1679304551.914000 48 6 6476 1682 771
1679304552.114000 32 5 3473 1659 765
1679304552.214000 48 6 9949 1686 792
1679304552.414000 45 6 9949 1750 837
1679304552.514000 41 6 9949 1736 837
1679304552.614000 33 6 6476 1719 840
1679304552.814000 31 5 6885 1640 849
1679304553.014000 39 6 14893 1544 834
1679304553.114000 43 6 14893 1572 858
1679304553.314000 44 6 21778 1593 852
1679304553.514000 42 6 14893 1544 828
1679304553.714000 43 6 9949 1516 816
1679304553.814000 46 6 21778 1551 816
1679304554.014000 60 6 60460 1642 819
1679304554.214000 43 6 14893 1597 783
1679304554.414000 44 6 9949 1583 783
1679304554.514000 44 6 31180 1582 771
1679304554.714000 46 6 6476 1643 816
1679304554.814000 48 6 14893 1663 834
1679304555.014000 50 6 31180 1609 837
1679304555.214000 43 6 9949 1583 819
1679304555.314000 45 6 9949 1595 825
1679304555.514000 40 6 9949 1634 849
1679304555.614000 49 6 14893 1651 858
1679304555.814000 45 6 9949 1656 843
1679304556.014000 45 6 14893 1634 840
1679304556.214000 44 6 21778 1652 858
1679304556.414000 39 6 4096 1595 837
1679304556.614000 38 6 6476 1580 837
1679304556.714000 39 6 9949 1560 843
1679304556.814000 30 5 1024 1554 840
1679304557.014000 28 5 1586 1519 828
1679304557.114000 42 6 9949 1500 831
1679304557.314000 35 6 6476 1433 792
1679304557.514000 40 6 14893 1455 798
1679304557.614000 36 6 4096 1445 786
1679304557.814000 33 6 4096 1448 774
1679304558.014000 46 6 14893 1522 792
1679304558.214000 45 6 14893 1520 759
1679304558.314000 44 6 14893 1549 768
1679304558.514000 50 6 21778 1565 765
1679304558.614000 42 6 14893 1569 753
1679304558.814000 46 6 21778 1610 768
1679304559.014000 45 6 9949 1603 771
1679304559.214000 41 6 14893 1549 756
1679304559.414000 39 6 14893 1534 771
1679304559.614000 36 6 4096 1536 780
1679304559.814000 34 6 848 1510 786
1679304560.014000 41 6 4096 1511 801
1679304560.114000 33 6 6476 1464 786
1679304560.314000 38 6 14893 1465 789
1679304560.414000 34 6 14893 1434 777
1679304560.514000 39 6 9949 1433 777
1679304560.714000 40 6 21778 1459 792
1679304560.914000 39 6 14893 1499 819
1679304561.014000 34 6 2510 1508 816
1679304561.214000 37 6 9949 1492 807
1679304561.414000 34 6 14893 1469 801
1679304561.614000 44 6 6476 1458 795
1679304561.714000 33 6 6476 1422 771
1679304561.814000 40 6 21778 1431 777
1679304562.014000 37 6 6476 1462 774
1679304562.214000 40 6 14893 1491 798
1679304562.414000 33 6 6476 1473 789
1679304562.514000 35 6 6476 1503 804
1679304562.714000 32 5 9402 1443 786
1679304562.814000 49 6 21778 1482 810
1679304563.014000 37 6 1486 1458 798
1679304563.214000 35 6 9949 1448 792
1679304563.414000 33 6 4096 1435 786
1679304563.514000 38 6 9949 1441 786
1679304563.714000 37 6 21778 1493 807
1679304563.814000 38 6 4096 1458 795
1679304564.014000 40 6 4096 1444 807
1679304564.114000 34 6 848 1449 819
1679304564.214000 33 6 6476 1456 819
1679304564.414000 41 6 21778 1510 846
1679304564.514000 42 6 14893 1506 831
1679304564.714000 32 5 2380 1426 798
1679304564.914000 26 5 1586 1345 747
1679304565.114000 32 5 2380 1294 720
1679304565.314000 38 6 21778 1295 717
1679304565.514000 34 6 14893 1304 723
1679304565.714000 36 6 4096 1360 744
1679304565.814000 41 6 4096 1424 777
1679304566.014000 37 6 1486 1501 816
1679304566.114000 35 6 21778 1540 843
1679304566.314000 36 6 6476 1521 849
1679304566.414000 28 5 3473 1507 834
1679304566.514000 31 5 1586 1525 846
1679304566.714000 36 6 9949 1498 843
1679304566.814000 39 6 9949 1492 843
1679304567.014000 39 6 9949 1397 804
1679304567.114000 31 5 4944 1365 783
1679304567.314000 31 5 6885 1320 756
1679304567.514000 28 5 638 1295 747
1679304567.714000 27 5 1024 1271 720
1679304567.814000 27 5 1586 1243 696
1679304568.014000 33 6 2510 1211 678
1679304568.214000 36 6 6476 1252 675
1679304568.414000 42 6 6476 1299 705
1679304568.614000 38 6 6476 1326 711
1679304568.814000 37 6 21778 1412 765
1679304568.914000 34 6 848 1452 780
1679304569.114000 29 5 4944 1467 795
1679304569.314000 20 5 1024 1368 759
1679304569.414000 28 5 3473 1341 750
1679304569.514000 30 5 1586 1337 756
1679304569.714000 38 6 9949 1311 753
1679304569.914000 35 6 848 1292 756
1679304570.114000 38 6 21778 1294 747
1679304570.214000 42 6 9949 1345 771
1679304570.414000 38 6 14893 1436 789
1679304570.514000 37 6 14893 1457 789
1679304570.714000 36 6 6476 1485 789
1679304570.914000 38 6 14893 1490 783
1679304571.014000 30 5 1024 1518 789
1679304571.214000 28 5 2380 1462 768
1679304571.314000 35 6 21778 1471 783
1679304571.514000 32 5 1024 1425 783
1679304571.614000 30 5 4944 1393 768
1679304571.814000 24 5 1024 1342 753
1679304572.014000 25 5 1586 1282 738
1679304572.114000 27 5 2380 1263 729
1679304572.314000 32 5 3473 1247 720
1679304572.514000 38 6 14893 1280 717
1679304572.614000 44 6 21778 1330 732
1679304572.714000 40 6 9949 1304 693
1679304572.914000 44 6 21778 1355 690
1679304573.114000 47 6 14893 1444 702
1679304573.214000 40 6 6476 1480 696
1679304573.414000 54 6 31180 1548 729
1679304573.514000 55 6 14893 1570 732
1679304573.714000 58 6 43796 1644 723
1679304573.914000 50 6 31180 1676 726
1679304574.114000 49 6 21778 1693 714
1679304574.314000 45 6 6476 1721 708
1679304574.514000 49 6 21778 1753 741
1679304574.714000 50 6 21778 1730 741
1679304574.914000 50 6 14893 1697 744
1679304575.114000 54 6 43796 1725 744
1679304575.214000 48 6 21778 1697 726
1679304575.314000 50 6 21778 1672 714
1679304575.514000 52 6 43796 1705 714
1679304575.614000 56 6 31180 1721 723
1679304575.814000 55 6 82160 1723 678
1679304575.914000 49 6 31180 1745 672
1679304576.114000 58 6 31180 1757 675
1679304576.214000 46 6 9949 1731 651
1679304576.414000 51 6 14893 1761 669
1679304576.614000 51 6 21778 1743 672
1679304576.814000 49 6 31180 1701 675
1679304577.014000 56 6 31180 1802 702
1679304577.214000 44 6 9949 1788 708
1679304577.414000 50 6 21778 1700 717
1679304577.614000 52 6 31180 1708 726
1679304577.714000 51 6 31180 1720 726
1679304577.914000 62 6 60460 1794 747
1679304578.114000 59 6 60460 1865 747
1679304578.214000 57 6 31180 1897 747
1679304578.414000 66 6 110056 1919 720
1679304578.614000 64 6 60460 2001 714
1679304578.814000 52 6 14893 2040 726
1679304579.014000 53 6 60460 2011 744
1679304579.214000 58 6 60460 2009 771
1679304579.314000 58 6 60460 2023 780
1679304579.514000 47 6 9949 1948 774
1679304579.714000 48 6 9949 1856 753
1679304579.914000 44 6 14893 1805 756
1679304580.114000 49 6 31180 1804 780
1679304580.214000 51 6 21778 1806 804
1679304580.414000 46 6 21778 1717 783
1679304580.514000 46 6 9949 1740 801
1679304580.714000 50 6 14893 1724 816
1679304580.814000 42 6 21778 1705 804
1679304581.014000 44 6 9949 1704 810
1679304581.114000 43 6 14893 1707 807
1679304581.314000 41 6 9949 1650 786
1679304581.414000 39 6 4096 1595 774
1679304581.614000 32 5 382 1515 750
1679304581.714000 36 6 1486 1465 732
1679304581.914000 39 6 14893 1451 738
1679304582.014000 44 6 14893 1478 753
1679304582.114000 40 6 2510 1455 735
1679304582.314000 33 6 14893 1430 729
1679304582.514000 28 5 4944 1392 696
1679304582.614000 30 5 2380 1363 693
1679304582.814000 32 5 2380 1374 699
1679304583.014000 23 5 3473 1320 687
1679304583.114000 42 6 14893 1340 717
1679304583.314000 37 6 21778 1349 702
1679304583.414000 39 6 14893 1338 693
1679304583.614000 34 6 466 1398 738
1679304583.714000 37 6 1486 1419 747
1679304583.914000 38 6 2510 1361 708
1679304584.114000 36 6 1486 1416 714
1679304584.214000 39 6 4096 1441 726
1679304584.414000 34 6 21778 1386 681
1679304584.614000 32 5 638 1329 642
1679304584.714000 33 6 6476 1357 651
1679304584.914000 36 6 21778 1343 672
1679304585.114000 36 6 9949 1384 693
1679304585.314000 39 6 14893 1427 732
1679304585.514000 37 6 14893 1434 726
1679304585.614000 32 5 1024 1410 714
1679304585.814000 36 6 9949 1472 735
1679304585.914000 31 5 3473 1427 729
1679304586.114000 32 5 1586 1405 741
1679304586.214000 37 6 14893 1413 738
1679304586.414000 42 6 21778 1406 738
1679304586.514000 41 6 4096 1395 732
1679304586.714000 39 6 9949 1404 735
1679304586.914000 39 6 14893 1416 723
1679304587.114000 36 6 6476 1449 726
1679304587.314000 45 6 14893 1532 765
1679304587.514000 38 6 6476 1523 780
1679304587.614000 37 6 9949 1506 777
1679304587.814000 40 6 9949 1518 789
1679304587.914000 36 6 2510 1512 786
1679304588.014000 37 6 2510 1477 783
1679304588.214000 48 6 21778 1521 795
1679304588.314000 35 6 6476 1450 753
1679304588.514000 33 6 9949 1429 732
1679304588.614000 29 5 638 1423 726
1679304588.814000 43 6 14893 1428 732
1679304588.914000 37 6 14893 1423 720
1679304589.114000 37 6 6476 1447 741
1679304589.314000 38 6 14893 1402 738
1679304589.414000 35 6 2510 1409 750
1679304589.614000 46 6 6476 1500 795
1679304589.814000 29 5 3473 1467 798
1679304589.914000 31 5 1586 1428 798
1679304590.114000 28 5 1586 1395 813
1679304590.314000 26 5 1586 1335 789
1679304590.514000 30 5 638 1318 801
1679304590.714000 33 6 1486 1274 789
1679304590.914000 36 6 4096 1336 810
1679304591.114000 33 6 6476 1341 807
1679304591.314000 26 5 638 1346 813
1679304591.514000 30 5 2380 1376 825
1679304591.614000 36 6 2510 1400 834
1679304591.714000 37 6 4096 1415 840
1679304591.914000 38 6 4096 1434 846
1679304592.014000 39 6 4096 1444 840
1679304592.214000 35 6 2510 1422 807
1679304592.314000 28 5 1024 1406 798
1679304592.514000 37 6 14893 1425 798
1679304592.714000 33 6 6476 1390 774
1679304592.814000 33 6 6476 1395 771
1679304593.014000 33 6 6476 1354 756
1679304593.214000 28 5 9402 1301 726
1679304593.414000 31 5 1024 1325 744
1679304593.614000 41 6 2510 1325 741
1679304593.814000 35 6 4096 1342 729
1679304593.914000 35 6 2510 1370 741
1679304594.114000 30 5 2380 1343 717
1679304594.314000 31 5 3473 1286 699
1679304594.614000 27 5 2380 1322 726
1679304594.714000 35 6 9949 1294 729
1679304594.914000 36 6 6476 1233 717
1679304595.114000 37 6 4096 1273 732
1679304595.214000 38 6 9949 1308 741
1679304595.314000 39 6 9949 1376 777
1679304595.514000 35 6 4096 1332 756
1679304595.614000 29 5 3473 1352 762
1679304595.814000 34 6 2510 1397 795
1679304596.014000 38 6 14893 1427 816
1679304596.114000 37 6 2510 1439 816
1679304596.314000 38 6 1486 1398 798
1679304596.514000 41 6 4096 1404 783
1679304596.714000 46 6 9949 1486 807
1679304596.914000 46 6 21778 1524 804
1679304597.114000 41 6 4096 1554 816
1679304597.314000 36 6 4096 1597 813
1679304597.514000 45 6 9949 1597 810
1679304597.614000 57 6 60460 1632 822
1679304597.814000 47 6 43796 1646 783
1679304597.914000 41 6 21778 1631 762
1679304598.114000 47 6 14893 1613 756
1679304598.314000 46 6 31180 1642 747
1679304598.414000 37 6 21778 1581 690
1679304598.714000 43 6 6476 1608 720
1679304598.914000 45 6 14893 1656 732
1679304599.114000 52 6 31180 1716 747
1679304599.314000 51 6 31180 1737 741
1679304599.514000 50 6 21778 1779 723
1679304599.614000 44 6 9949 1643 675
1679304599.814000 45 6 14893 1642 669
1679304600.114000 56 6 31180 1715 693
1679304600.314000 54 6 14893 1708 687
1679304600.414000 49 6 31180 1686 651
1679304600.514000 56 6 43796 1829 690
1679304600.714000 62 6 43796 1886 705
1679304600.914000 58 6 21778 1824 702
1679304601.114000 56 6 21778 1839 699
1679304601.314000 62 6 60460 1870 714
1679304601.414000 58 6 21778 1856 681
1679304601.614000 56 6 14893 1900 687
1679304601.914000 53 6 21778 1942 723
1679304602.114000 43 6 6476 1880 705
1679304602.314000 47 6 21778 1872 732
1679304602.514000 43 6 14893 1913 765
1679304602.614000 30 5 1586 1738 708
1679304602.814000 29 5 2380 1714 726
1679304603.014000 39 6 14893 1741 780
1679304603.114000 38 6 9949 1717 792
1679304603.314000 30 5 1586 1578 768
1679304603.414000 38 6 6476 1561 777
1679304603.614000 44 6 6476 1548 774
1679304603.814000 39 6 4096 1520 747
1679304604.014000 43 6 9949 1552 762
1679304604.114000 32 5 1586 1511 735
1679304604.314000 29 5 1024 1443 723
1679304604.514000 33 6 6476 1431 726
1679304604.714000 31 5 1024 1353 717
1679304604.814000 39 6 4096 1377 738
1679304605.014000 37 6 4096 1307 726
1679304605.214000 28 5 2380 1273 726
1679304605.414000 33 6 2510 1316 753
1679304605.514000 35 6 9949 1300 741
1679304605.714000 24 5 638 1267 723
1679304605.814000 28 5 4944 1266 729
1679304606.014000 31 5 1024 1234 720
1679304606.114000 35 6 1486 1243 723
1679304606.314000 41 6 9949 1327 756
1679304606.514000 34 6 4096 1364 768
1679304606.714000 21 5 1586 1345 759
1679304606.914000 40 6 9949 1403 786
1679304607.114000 34 6 4096 1406 786
1679304607.214000 27 5 1024 1370 780
1679304607.414000 41 6 9949 1359 771
1679304607.614000 43 6 14893 1348 738
1679304607.714000 43 6 14893 1398 756
1679304607.814000 42 6 21778 1451 780
1679304608.014000 39 6 6476 1467 771
1679304608.214000 37 6 4096 1555 792
1679304608.314000 42 6 2510 1592 810
1679304608.514000 41 6 6476 1638 834
1679304608.714000 38 6 14893 1598 822
1679304608.814000 33 6 2510 1575 810
1679304609.014000 39 6 6476 1539 822
1679304609.114000 45 6 9949 1529 816
1679304609.314000 38 6 6476 1507 816
1679304609.514000 35 6 4096 1481 798
1679304609.614000 37 6 6476 1469 795
1679304609.814000 30 5 1586 1447 798
1679304610.014000 28 5 638 1461 816
1679304610.114000 35 6 2510 1419 810
1679304610.314000 33 6 1486 1445 822
1679304610.514000 37 6 6476 1461 846
1679304610.614000 34 6 1486 1424 831
1679304610.714000 46 6 9949 1444 837
1679304610.914000 31 5 1586 1415 801
1679304611.114000 34 6 2510 1456 816
1679304611.314000 37 6 14893 1457 819
1679304611.514000 27 5 1586 1408 780
1679304611.714000 32 5 3473 1381 786
1679304611.814000 37 6 6476 1385 804
1679304612.014000 37 6 21778 1430 837
1679304612.214000 32 5 2380 1426 825
1679304612.414000 37 6 4096 1432 822
1679304612.614000 40 6 9949 1477 831
1679304612.814000 37 6 14893 1497 813
1679304612.914000 30 5 3473 1412 762
1679304613.014000 37 6 9949 1401 750
1679304613.214000 35 6 2510 1440 759
1679304613.414000 37 6 14893 1432 744
1679304613.614000 35 6 4096 1417 735
1679304613.814000 43 6 4096 1440 741
1679304614.014000 35 6 4096 1417 738
1679304614.214000 39 6 4096 1453 771
1679304614.314000 37 6 2510 1455 792
1679304614.414000 34 6 1486 1473 816
1679304614.614000 30 5 2380 1417 804
1679304614.814000 34 6 4096 1430 822
1679304615.014000 37 6 4096 1425 831