timestamp: 1679304420.900000
num_entries_rows: 35
PRN rows_count
C01 18
  row_indices: [39, 41, 156, 166, 220, 240, 259, 305, 328, 355, 403, 406, 427, 442, 505, 511, 560, 561]
C02 8
  row_indices: [42, 171, 228, 358, 411, 443, 513, 562]
C03 18
  row_indices: [31, 51, 154, 178, 205, 245, 281, 290, 345, 347, 370, 390, 444, 445, 504, 522, 551, 563]
C04 14
  row_indices: [43, 164, 237, 300, 357, 364, 396, 419, 447, 448, 512, 516, 553, 558]
C07 134
  row_indices: [13, 58, 154, 156, 158, 159, 164, 166, 167, 168, 170, 171, 172, 173, 174, 177, 178, 180, 182, 185, 188, 192, 199, 204, 205, 207, 210, 216, 220, 223, 224, 226, 227, 228, 230, 232, 237, 238, 240, 241, 242, 244, 245, 278, 286, 328, 331, 334, 335, 338, 343, 345, 347, 348, 349, 350, 351, 355, 356, 357, 358, 359, 360, 363, 364, 368, 370, 371, 373, 374, 377, 384, 386, 387, 388, 390, 393, 396, 397, 398, 401, 403, 406, 411, 418, 419, 420, 421, 422, 490, 494, 495, 496, 497, 499, 500, 503, 504, 505, 506, 507, 508, 511, 512, 513, 514, 515, 516, 520, 522, 523, 535, 536, 537, 538, 539, 540, 541, 542, 543, 550, 551, 552, 553, 554, 555, 556, 557, 558, 559, 560, 561, 562, 563]
C08 18
  row_indices: [44, 55, 172, 173, 224, 226, 258, 269, 363, 368, 386, 398, 462, 487, 495, 497, 535, 559]
C10 18
  row_indices: [37, 46, 167, 168, 207, 232, 285, 287, 335, 351, 374, 377, 476, 479, 503, 506, 556, 557]
C13 18
  row_indices: [30, 47, 170, 185, 199, 242, 291, 293, 343, 350, 388, 420, 485, 489, 507, 508, 554, 555]
C14 18
  row_indices: [6, 48, 159, 182, 216, 227, 252, 267, 359, 360, 384, 393, 450, 456, 514, 520, 536, 552]
C27 12
  row_indices: [27, 28, 177, 244, 297, 306, 348, 387, 449, 457, 523, 550]
C28 12
  row_indices: [18, 61, 192, 204, 270, 309, 334, 397, 463, 464, 515, 537]
C33 12
  row_indices: [23, 65, 158, 223, 275, 295, 331, 371, 465, 466, 494, 538]
C38 12
  row_indices: [3, 59, 180, 241, 296, 298, 338, 373, 467, 468, 499, 539]
C40 11
  row_indices: [1, 11, 174, 230, 284, 304, 356, 421, 470, 471, 540]
C41 12
  row_indices: [8, 50, 188, 210, 256, 289, 349, 418, 472, 474, 500, 541]
C43 3
  row_indices: [425, 496, 542]
C46 3
  row_indices: [238, 401, 543]
E01 27
  row_indices: [22, 24, 66, 163, 186, 187, 198, 214, 218, 265, 292, 303, 336, 354, 361, 375, 381, 394, 461, 469, 473, 509, 519, 524, 544, 545, 546]
E07 3
  row_indices: [276, 459, 460]
E08 5
  row_indices: [9, 176, 236, 405, 547]
E13 27
  row_indices: [29, 40, 63, 152, 175, 183, 206, 212, 234, 262, 280, 310, 332, 341, 365, 407, 409, 410, 454, 455, 458, 498, 510, 518, 548, 549, 573]
E21 85
  row_indices: [12, 16, 49, 152, 155, 161, 163, 175, 176, 179, 183, 186, 187, 189, 191, 193, 196, 198, 201, 206, 208, 212, 214, 217, 218, 219, 234, 236, 239, 261, 264, 301, 330, 332, 336, 337, 341, 342, 344, 354, 361, 365, 367, 369, 375, 380, 381, 383, 392, 394, 402, 405, 407, 408, 409, 410, 416, 451, 452, 453, 492, 493, 498, 501, 502, 509, 510, 517, 518, 519, 521, 524, 544, 545, 546, 547, 548, 549, 573, 582, 583, 584, 585, 586, 587]
E26 27
  row_indices: [21, 45, 64, 161, 191, 193, 196, 217, 239, 249, 273, 311, 337, 344, 367, 380, 402, 408, 481, 488, 491, 492, 517, 521, 585, 586, 587]
E27 27
  row_indices: [2, 5, 20, 155, 179, 189, 201, 208, 219, 247, 254, 279, 330, 342, 369, 383, 392, 416, 475, 480, 483, 493, 501, 502, 582, 583, 584]
G03 27
  row_indices: [15, 26, 52, 181, 184, 194, 197, 215, 231, 263, 283, 288, 327, 340, 353, 413, 414, 417, 478, 482, 486, 525, 532, 533, 579, 580, 581]
G06 69
  row_indices: [17, 56, 62, 153, 157, 160, 162, 165, 169, 181, 184, 190, 194, 195, 197, 200, 202, 211, 213, 215, 229, 231, 243, 248, 282, 307, 327, 329, 333, 339, 340, 346, 352, 353, 362, 366, 372, 382, 389, 395, 399, 400, 412, 413, 414, 417, 424, 438, 484, 525, 526, 527, 528, 529, 530, 531, 532, 533, 534, 564, 571, 572, 575, 576, 577, 578, 579, 580, 581]
G14 27
  row_indices: [4, 38, 57, 160, 162, 165, 202, 211, 213, 250, 255, 272, 346, 362, 366, 389, 395, 412, 436, 440, 441, 530, 531, 534, 564, 577, 578]
G17 18
  row_indices: [32, 34, 169, 190, 195, 229, 271, 274, 333, 352, 372, 382, 434, 435, 528, 529, 575, 576]
G19 18
  row_indices: [10, 35, 153, 157, 200, 243, 268, 294, 329, 339, 399, 400, 432, 433, 526, 527, 571, 572]
R07 6
  row_indices: [33, 203, 246, 378, 431, 569]
R08 12
  row_indices: [25, 54, 221, 225, 251, 302, 391, 404, 428, 429, 565, 566]
R12 12
  row_indices: [53, 60, 233, 235, 253, 257, 385, 415, 437, 446, 567, 568]
R13 27
  row_indices: [19, 36, 203, 209, 221, 222, 225, 233, 235, 266, 308, 376, 378, 379, 385, 391, 404, 415, 430, 439, 565, 566, 567, 568, 569, 570, 574]
R14 12
  row_indices: [0, 7, 209, 222, 260, 277, 376, 379, 423, 426, 570, 574]
R23 3
  row_indices: [14, 299, 477]
