timestamp: 1679304421.414000
num_entries_rows: 4
imu_residual_id rows_count object_id
140731328119328 15 -1
  row_indices: [137, 138, 139, 140, 141, 142, 143, 144, 145, 146, 147, 148, 149, 150, 151]
140731335710816 15 -1
  row_indices: [713, 714, 715, 716, 717, 718, 719, 720, 721, 722, 723, 724, 725, 726, 727]
140731338140352 15 -1
  row_indices: [0, 1, 2, 3, 4, 5, 6, 7, 8, 9, 10, 11, 12, 13, 14]
140731344106352 15 -1
  row_indices: [464, 465, 466, 467, 468, 469, 470, 471, 472, 473, 474, 475, 476, 477, 478]
