timestamp: 1679304422.014000
num_entries_rows: 46
landmark_id rows_count object_id
288230376151713277 8 901
  row_indices: [101, 102, 132, 133, 361, 362, 473, 474]
288230376151713279 8 601
  row_indices: [17, 18, 134, 135, 351, 352, 475, 476]
288230376151713365 8 401
  row_indices: [69, 70, 220, 221, 375, 376, 477, 478]
288230376151713402 8 1101
  row_indices: [95, 96, 180, 181, 389, 390, 479, 480]
288230376151713427 8 501
  row_indices: [19, 20, 142, 143, 317, 318, 481, 482]
288230376151713454 8 201
  row_indices: [57, 58, 184, 185, 347, 348, 483, 484]
288230376151713492 8 201
  row_indices: [47, 48, 216, 217, 295, 296, 485, 486]
288230376151713528 8 201
  row_indices: [67, 68, 150, 151, 365, 366, 487, 488]
288230376151713555 8 16
  row_indices: [51, 52, 158, 159, 379, 380, 489, 490]
288230376151713775 8 9
  row_indices: [39, 40, 152, 153, 327, 328, 421, 422]
288230376151713777 8 401
  row_indices: [91, 92, 224, 225, 369, 370, 415, 416]
288230376151713792 8 1001
  row_indices: [43, 44, 234, 235, 313, 314, 413, 414]
288230376151713808 8 801
  row_indices: [85, 86, 236, 237, 345, 346, 403, 404]
288230376151713964 8 401
  row_indices: [73, 74, 188, 189, 309, 310, 399, 400]
288230376151713965 8 18
  row_indices: [89, 90, 136, 137, 283, 284, 401, 402]
288230376151714015 8 7
  row_indices: [23, 24, 196, 197, 335, 336, 405, 406]
288230376151714053 8 1101
  row_indices: [107, 108, 254, 255, 329, 330, 407, 408]
288230376151714056 8 18
  row_indices: [63, 64, 146, 147, 315, 316, 409, 410]
288230376151714092 8 7
  row_indices: [93, 94, 240, 241, 393, 394, 411, 412]
288230376151714142 8 201
  row_indices: [61, 62, 244, 245, 339, 340, 423, 424]
288230376151714211 8 9
  row_indices: [21, 22, 166, 167, 371, 372, 425, 426]
288230376151714283 8 4
  row_indices: [15, 16, 250, 251, 353, 354, 427, 428]
288230376151714286 8 601
  row_indices: [53, 54, 162, 163, 349, 350, 429, 430]
288230376151714304 6 501
  row_indices: [186, 187, 325, 326, 431, 432]
288230376151714319 8 801
  row_indices: [109, 110, 176, 177, 367, 368, 433, 434]
288230376151714330 8 901
  row_indices: [103, 104, 228, 229, 391, 392, 435, 436]
288230376151714358 8 104
  row_indices: [77, 78, 178, 179, 381, 382, 437, 438]
288230376151714366 8 201
  row_indices: [59, 60, 238, 239, 395, 396, 439, 440]
288230376151714441 8 18
  row_indices: [83, 84, 200, 201, 373, 374, 441, 442]
288230376151714445 8 1001
  row_indices: [45, 46, 206, 207, 343, 344, 443, 444]
288230376151714452 6 4
  row_indices: [218, 219, 319, 320, 417, 418]
288230376151714459 6 4
  row_indices: [148, 149, 311, 312, 419, 420]
288230376151714460 6 801
  row_indices: [214, 215, 357, 358, 469, 470]
288230376151714464 4 701
  row_indices: [307, 308, 457, 458]
288230376151714465 4 701
  row_indices: [303, 304, 451, 452]
288230376151714487 4 18
  row_indices: [301, 302, 445, 446]
288230376151714495 4 16
  row_indices: [299, 300, 449, 450]
288230376151714504 4 104
  row_indices: [297, 298, 453, 454]
288230376151714519 4 1201
  row_indices: [293, 294, 455, 456]
288230376151714520 4 1101
  row_indices: [289, 290, 459, 460]
288230376151714525 4 1201
  row_indices: [287, 288, 461, 462]
288230376151714526 4 901
  row_indices: [279, 280, 463, 464]
288230376151714539 4 7
  row_indices: [277, 278, 465, 466]
288230376151714543 4 1001
  row_indices: [271, 272, 467, 468]
288230376151714544 4 801
  row_indices: [275, 276, 447, 448]
288230376151714554 4 1001
  row_indices: [281, 282, 471, 472]
