timestamp: 1679304421.414000
num_entries_rows: 52
landmark_id rows_count object_id
288230376151713277 6 203
  row_indices: [131, 132, 162, 163, 362, 363]
288230376151713279 6 205
  row_indices: [135, 136, 182, 183, 364, 365]
288230376151713283 6 205
  row_indices: [127, 128, 208, 209, 366, 367]
288230376151713365 6 103
  row_indices: [123, 124, 172, 173, 368, 369]
288230376151713370 6 12
  row_indices: [97, 98, 206, 207, 372, 373]
288230376151713402 6 303
  row_indices: [115, 116, 196, 197, 370, 371]
288230376151713427 6 404
  row_indices: [111, 112, 188, 189, 392, 393]
288230376151713451 6 403
  row_indices: [107, 108, 176, 177, 390, 391]
288230376151713454 6 405
  row_indices: [101, 102, 166, 167, 388, 389]
288230376151713492 6 3
  row_indices: [99, 100, 156, 157, 386, 387]
288230376151713528 6 405
  row_indices: [103, 104, 256, 257, 384, 385]
288230376151713551 6 10
  row_indices: [109, 110, 268, 269, 382, 383]
288230376151713555 6 404
  row_indices: [113, 114, 274, 275, 380, 381]
288230376151713581 6 3
  row_indices: [117, 118, 280, 281, 378, 379]
288230376151713589 6 24
  row_indices: [121, 122, 214, 215, 376, 377]
288230376151713740 6 9
  row_indices: [129, 130, 246, 247, 374, 375]
288230376151713775 6 13
  row_indices: [17, 18, 260, 261, 344, 345]
288230376151713777 6 103
  row_indices: [53, 54, 250, 251, 346, 347]
288230376151713792 6 303
  row_indices: [51, 52, 242, 243, 294, 295]
288230376151713808 6 203
  row_indices: [49, 50, 236, 237, 296, 297]
288230376151713826 6 403
  row_indices: [47, 48, 228, 229, 298, 299]
288230376151713902 6 405
  row_indices: [55, 56, 222, 223, 300, 301]
288230376151713964 6 103
  row_indices: [61, 62, 170, 171, 302, 303]
288230376151713965 6 15
  row_indices: [63, 64, 178, 179, 304, 305]
288230376151713995 6 15
  row_indices: [67, 68, 200, 201, 306, 307]
288230376151714015 6 9
  row_indices: [69, 70, 184, 185, 308, 309]
288230376151714053 6 403
  row_indices: [71, 72, 154, 155, 310, 311]
288230376151714054 6 10
  row_indices: [73, 74, 186, 187, 312, 313]
288230376151714056 6 15
  row_indices: [75, 76, 210, 211, 314, 315]
288230376151714070 6 7
  row_indices: [57, 58, 204, 205, 316, 317]
288230376151714092 6 9
  row_indices: [79, 80, 198, 199, 292, 293]
288230376151714102 6 11
  row_indices: [83, 84, 190, 191, 320, 321]
288230376151714104 6 8
  row_indices: [85, 86, 152, 153, 322, 323]
288230376151714124 6 303
  row_indices: [87, 88, 180, 181, 324, 325]
288230376151714128 6 11
  row_indices: [89, 90, 174, 175, 326, 327]
288230376151714142 6 5
  row_indices: [93, 94, 164, 165, 328, 329]
288230376151714149 6 24
  row_indices: [95, 96, 158, 159, 330, 331]
288230376151714182 4 303
  row_indices: [224, 225, 348, 349]
288230376151714190 6 10
  row_indices: [15, 16, 232, 233, 332, 333]
288230376151714211 6 13
  row_indices: [21, 22, 202, 203, 334, 335]
288230376151714225 6 3
  row_indices: [23, 24, 264, 265, 336, 337]
288230376151714283 6 7
  row_indices: [31, 32, 276, 277, 338, 339]
288230376151714286 6 404
  row_indices: [35, 36, 282, 283, 340, 341]
288230376151714313 4 5
  row_indices: [226, 227, 318, 319]
288230376151714319 4 205
  row_indices: [230, 231, 350, 351]
288230376151714330 4 203
  row_indices: [234, 235, 352, 353]
288230376151714349 6 8
  row_indices: [43, 44, 216, 217, 342, 343]
288230376151714353 6 12
  row_indices: [45, 46, 218, 219, 290, 291]
288230376151714380 4 11
  row_indices: [238, 239, 354, 355]
288230376151714388 4 403
  row_indices: [240, 241, 356, 357]
288230376151714389 4 205
  row_indices: [244, 245, 358, 359]
288230376151714395 4 203
  row_indices: [248, 249, 360, 361]
